56782221
2315722277
3097094907
2864696744
1744830482
2580016630
2778381920
4236075285
282310356
3161476222
1865110388
3740919762
899082933
3029779179
3164393352
2976182501
4246249259
281139877
1489867802
1098901732
4111411826
2411192092
3699448570
2845939964
3871889851
504496486
1125062776
724819291
3562992257
2732247742
385105646
404704844
2465045405
2434595639
2100196698
3520198013
4201789584
3213448464
2100015731
1812754379
97827703
171238092
620534117
887334704
1814250629
4073662984
1357491419
1645671977
3659741682
1188881688
1696283432
766245666
1379708415
4201917529
63167706
581302627
3651160424
3199057335
3124406973
4139239351
2902291544
2257649064
2386719333
1029987046
348356422
1847683295
2462065586
3555162590
1956284492
456402550
773400649
3857002961
2396515755
2752522542
745236738
2036672917
47687844
465794913
3077598555
2672422150
4014177948
2375824714
3630073260
3785384568
944683864
2567185608
2281698408
47389730
860925197
1675365553
1348242044
4162469452
20910930
3074853247
1151064847
2809338935
3930172575
1958914944
3047116521
3923659023
3111878118
2944034169
1267268921
255944533
3598816596
1739578688
459395644
2251393486
2306784807
982725063
1286805216
2664326330
2701261572
2142601803
2146389521
641132032
3316248327
3086438449
1947264251
4085517007
2948096823
711601425
2816641054
1426131564
3558673322
342642790
803693231
3096050304
2194233370
3354948787
1429817764
933770678
3654527832
1982547109
1130177980
1451260389
1032493689
3798080764
3892634788
2501559786
339929261
2704117426
2750947519
2545607296
459694564
816665397
3853519647
279253640
1531433263
1146290107
1585819303
4194392370
2983414640
3881050522
3987040695
2403257612
3206935495
3505638575
720079686
1724960166
2881447302
3716033285
412197652
3128850675
3612993182
2890437912
689448949
4287036525
2744868069
1411741706
3560572910
558188112
3712604990
1630323718
3641728340
2524638103
1988778568
898980595
2715437911
2243434323
1842273376
1785572659
3470152582
4188098117
3623215157
2231601650
2775563066
2945472450
97907428
3617378724
2100300579
887202413
2826976650
2302659944
409877025
2617157746
633058691
2066696488
1559154195
1041500049
799083387
1099878391
2662914784
1139055802
4166144031
1243261409
1082371501
578525629
1598984003
3165456656
3495119499
2285028355
35307358
2261736658
2157539688
1059923497
3423416451
1119966861
2672618217
3742150659
4096526575
3281395674
2331674027
4144567385
3435910620
1897171349
810156278
513128841
1351819874
2422900330
4218845120
61715607
1673497495
1663575096
4203444630
3007597657
2231520090
3409565649
2088197365
2100124333
4086277695
314087030
3496689494
3957293660
3003043282
1719980488
31400843
3788017766
1556044530
1388033409
860826054
3881226076
27090184
3742776399
1004542768
3350159620
3947815421
832714641
4230943951
2397442454
784131928
1517735861
2845857435
3320306253
3412021566
2331160236
1073700715
2712421434
2210296626
2605694406
3909416343
1303653321
2858215931
416116682
2926281491
882134924
1931254124
1006830597
1246436184
3777151856
4234818170
3391062424
2128663855
2719629258
1397643975
2589408706
3216369377
1712307476
4154420135
1002658927
2790530335
1700903686
1190835432
2100531234
756643082
1129582238
694745361
1914840231
676859696
2370845344
490578575
2394964001
3370368802
3673324145
504043748
668560307
732003026
2612892092
2927080874
3522373861
4252284884
4043788534
2720996459
2782110092
3082983060
3606105603
2248057616
520481495
3150826523
3832494925
2918837993
270309107
1666617404
849845123
2055235302
2954066454
281121072
1752755472
1502006553
2598268447
3333723928
3194149972
4065461869
322074948
927545992
2245394019
3768596908
231056876
2312649128
3718680533
146109880
1601366857
252361512
4073393929
2219444305
1506145538
3310458017
1265676888
1145780202
2447021957
258538265
2749454817
703055013
3953324966
4107831078
1042217562
971868018
1276773075
88678699
1609327854
4151572381
388153402
1076291931
880843176
4172462125
383055883
4141980507
2473176939
3920347598
3224427543
3850359162
2478723563
415971333
3850008340
3732484619
2341074132
29602376
3731449249
652109974
1737688165
3961267052
2624111166
147517984
1036962735
201799313
3950634576
1833285980
1827477404
2643458811
1686400985
3159549887
85542345
177582233
1615831793
666293820
2655778075
1786011802
311951186
2885272658
3289941597
894392627
1330287529
3453244925
1530537586
846559876
1362190249
1666718508
2365657519
783636622
3490112076
2642226945
348481311
3932463769
4280890419
3270950619
3022214466
202138232
1826820540
545769085
3764997491
698798383
2272585100
1243614619
3592526968
873447575
3502625151
3477372797
3778618266
1974506610
2710572021
114448355
893132027
666831418
2755175360
410292186
1686345122
3724889998
267685833
2438498661
1281611173
2228092232
924463693
743138867
3417306120
3226082899
1654483674
1693625020
551223441
1371651298
2438294289
2106012375
4118180245
3818298376
3677733775
1407802015
6550514
4159720301
1294559366
1717181445
2913259621
3933555872
4083573274
4068153584
4187298007
357819660
439647520
742229603
2396243936
1354808906
4204510584
588635602
970634575
1612622329
2973451971
2055012384
370931162
3169421401
2088304716
3996100956
4249986413
4057749425
3855716385
1878404555
506645178
3189535732
1691177106
1067131615
3041781881
82091044
542841411
3437164941
2363417661
1835951414
2290141069
4186857181
2058708884
3459914002
3691891910
24643572
3317534749
2680187192
2202265100
1192170569
2079563388
1880105765
3070911269
3553403039
1764593845
3776817166
3195470508
1713624321
4275222346
2170129712
1757851359
1450259991
2158759288
2573395065
3226763583
3178123107
2617820357
2715619789
1059847888
2446486286
3498010504
501809003
1831386368
2814408533
835112395
3179923752
406961554
3978356378
4046169312
1960930122
1695517763
1490724445
2081208757
1561140705
1361625473
1360243425
1084063422
17423436
1283891188
3575946870
464972330
1667276822
2900379634
1239317257
2115094132
1639919433
1601347294
2151173493
565773936
530377570
4091188173
847215371
1338644134
2179979977
4107003982
1590530564
1537303964
2703248850
2941343003
4112419504
2486198322
4171747508
2063707847
1857062121
3032698697
349964671
357993487
721184223
3360598804
2682562088
2575840724
783391070
1815888903
2692940743
1853402690
2931181073
461869125
2484486777
89861464
3526480503
2329176219
3577762869
572459515
2516641475
494981396
1568959207
848228050
1772807591
1229012350
1618549736
2683941070
787591571
4055527397
3876213405
3089517128
1561327317
1367506021
3147765930
900848427
758333020
3562818469
2652947088
2232125728
210358587
871040207
3774033465
1187059842
1178547301
2168397550
2654198818
1511708819
2388048602
2765151518
1912565677
206097141
2317574650
880529771
3058199645
3759802059
3500993373
4171928803
2042802631
2250107277
348369450
2620279553
4227478108
1759540835
118143992
3387026021
3650051443
1887663295
2211532042
3622737392
1647544905
3821522143
3431251511
2863278110
343306403
2511443957
1443499329
866217272
1106533962
71302403
3536353230
2619744628
2173898232
2797405235
1361668924
1629285541
1702843468
4253110
513022235
519505254
2748882803
2944692228
4125917875
3951472733
3086220770
1081925222
2782903655
661462506
4049819260
3514170582
1115193541
947517051
4137258418
704077605
4003309020
782197593
1526760532
2098662058
1416129300
872792486
407789454
2648760987
165386675
2088226631
3661655953
1914517441
1507725403
320475575
3527346706
3564062290
2119111584
3120907161
3861880969
3326394501
209207048
3966942483
657481436
191886813
3449279302
3204413266
4279835720
2954605323
2680134547
4039300760
3465940401
4014776478
2077069451
660958053
3295745723
2825263532
1486438348
2355074228
2610369174
705037671
3160464884
518035304
3922471807
1261018343
2465433510
2499405982
3413761271
1036243156
3806529025
4015748394
3030642097
2176022832
431188763
3024451420
2535464930
434792171
3533947375
4033508857
3413263539
3037525278
3448885605
3386699660
1507372238
1470054907
1659991737
973771909
3466555375
255511622
3698582462
775854117
1525519505
4011735698
2971667376
2521857991
2104191293
4109251742
4029660149
381230347
330193245
2778399314
4095116822
4277631718
46335513
141952574
303710347
4213775390
2947224052
1477287222
952706266
2489936357
673316281
3804031276
2928748963
1135887412
3201985136
4267349678
1014983356
4274494262
3216334588
1043931299
1069498568
2919336765
243435298
645499145
116281480
484415454
3412629712
1469218191
1640327713
768935749
896361036
642140553
2746997220
2373538109
1429296824
2244160797
562752531
3902652275
506019345
753434169
4289091612
4120817276
2897782610
43554409
550586315
4169680461
1183105618
2635319780
3186533963
1743425007
2327600670
1343593618
169082596
3371366045
2680532513
851194720
1231795047
1991278603
2388148368
557889977
420614750
83587449
3101567803
2820802850
217656786
1520776159
52414387
784357544
2648813591
624337508
629015521
286624899
2526430260
2090771058
528801926
591975645
947551777
918668987
420505410
1518111449
3307665853
1430489267
3073687028
1626631380
209039344
1856294937
2429795390
205030045
3332510579
3063396857
808067827
358083479
350650192
3674845949
132945473
1095885773
2598536388
646303552
1555788732
1524277537
2961511858
773728683
2166234938
1900430079
4272111197
3402816871
249504289
1589960805
2280279397
97430962
59792417
2148362018
3454182564
792826675
995379557
347867791
310694342
400338849
3624616489
3899951885
1066519671
3300548775
180995911
3842303497
2711807570
975845334
1941610349
165872786
1585705059
2073325012
3916737381
2700745141
3465873415
3693665312
1742912729
3960372137
1677962544
2972953087
1586268423
4094978013
1175825805
3563078406
2904630150
1592784441
1403651798
3201740325
4287207118
3475394860
3970098083
3195348772
1059600752
3892051080
3993047026
3889014729
349959075
3591028214
4065007518
2710372856
34445534
1310528664
365074720
209858261
1097182
3303309352
2523240679
4200629699
624344528
1099719924
658889673
3294224598
950858914
3709775333
59529080
245092096
1445800
1306760572
1625089190
3336066450
2423020705
3043088875
37844129
2737570650
478905346
1341590085
599332872
1963749418
1466604401
1319882663
3691826628
3285436689
2519634675
769928534
2929328764
1292532073
2129073382
4076644306
398658975
204761068
840408080
2028401059
2238326588
1748929866
3852738798
1236118779
2182617265
1252839075
2711753111
2431823223
500470686
237991667
270395772
3833623634
2435033302
2007147912
1621216739
459882969
649442967
566187472
4118412068
710071076
3967874931
2782023565
2822277282
2130599554
1446654530
1567910752
1348407156
614163070
2141920820
1510464249
1646835289
2064337930
4018684205
711274480
2059440007
3410893353
4138136887
892861861
2149856357
2251382250
561960523
1946625801
4115467617
2390245099
1806332538
4267895120
868025422
1324086036
4213866802
1754650912
3469111073
1768640441
2491489053
2318101767
3779927452
2932479968
1769633547
1729634727
1653885891
1360101192
3865029421
1041644827
1465742793
1447466171
2147150591
2764871999
2672360751
1346404253
1382749361
979068291
1019516829
667988654
2789160371
3915493102
