2258448640
1290643489
2032207916
103001501
4025586398
2540081800
4157265789
1860196350
4257697913
2191091859
3694949123
1850465725
3163907868
2079252814
1589245187
3467383144
2576691444
1005149625
2278574476
1340846293
859845729
2668754221
956952453
3839210833
60116730
2940962874
2581353222
1699197773
3478246182
3885263513
4024379945
4071269035
186647794
2094213903
1759410170
1281590722
560543837
2166772255
103192549
4090246787
4164424779
3014263519
3354386383
2456405598
2913016340
2143693964
1546797170
490659539
2274080174
654461354
2567530626
1173754158
3373274886
1695573472
1796424512
3987618470
867275596
218527228
2249646910
296735884
625804030
2012597807
3996192003
1667195726
1666616343
4082159079
677840334
96606504
420951512
1715186818
750011041
3050696266
1655660296
4266851428
1716225805
1649756227
553707600
132739162
3831279001
3685570433
1359580042
1860728958
1496496455
3172247605
2522512336
1062063473
2545518698
4233993478
3111151832
3260771083
684559089
3664926447
3401675447
3729515985
2332106417
2858790459
3400942146
1637467052
3676355702
261395582
3927432173
2941465139
2711065158
2171390200
1018886080
1901424703
965075812
3140024363
1930400166
2073845193
1992501745
2072186481
1828116528
3334301
1700455111
741567070
1047801220
2979861812
1607396392
1402048124
3772097682
2989703460
4113829123
346421913
3757924243
3964807511
207157622
511946508
4225529150
766029374
1487079570
1956550432
54319067
1260936581
1018641320
3582435061
4284773799
1161184502
4269919626
3718811147
1159354665
381323129
3337674991
178713424
3479910105
3246435961
137592522
4130474289
770411369
4202841811
26433881
1982686845
1367166650
901009279
3507961170
2504614544
186612055
2538926719
261198324
3163394104
2169748528
3847254997
3811746975
727451051
4078520375
1049852624
115536222
1325513514
2888722872
573610303
2942795979
45231162
3603674648
2099604358
1437610316
364501756
2221576428
1465899171
3345086310
2775416702
2385869341
3558311263
2332061918
705283753
3507393281
2268439422
4023950059
409039181
518247903
321439730
4197643469
4278197847
1818316712
2861103067
1272177853
2071685472
2152987639
1856605924
2409093219
4070674201
878559010
490562117
473878966
3986715884
4016714680
2241443424
2130286478
717160739
3257489068
1446853481
1251941586
2864048823
181225263
1307394531
855016323
1274360498
2396646088
2221567921
1738750860
669498068
1993950287
543577052
1747647165
447427298
2188762680
4142667679
3250897111
2088951116
160697575
3294005380
1876334386
2903680900
3097852824
3943976762
1073619070
110568544
1312399204
418383526
720597807
616317085
642229409
1933964660
4000366336
630322574
1796743927
3243783082
2771652672
1647013076
447205382
1327069818
538729680
1620549980
4183717582
6089579
1657375802
2265314828
2380577831
1452631681
2509215281
62553960
211688647
2855942433
2825586625
4099607597
1456596681
3487326477
4044621962
3987578848
1007848595
3170725855
1399932899
936375291
3683137743
2747752434
752808908
2689714773
833209173
3377964804
3071314406
2867685089
3021948162
1942443141
3622731261
2256401656
2989512661
2043820516
3521743982
2288504397
4097050305
3505433011
21632432
3463780593
1273858455
2856201480
1621999234
1008540175
766320080
1769306682
4174449789
631753930
3440775171
229794082
1931973092
3837445280
3393904990
3415299593
3211318942
2836320405
1612961573
3309433588
735244549
1635879540
1140380561
1907728607
1573404353
1884223502
219728211
1470349474
3478654902
3468934261
2123103144
646426053
184436095
913809261
939198502
1608816650
2320237736
2765889136
3881678658
1508591320
1051525862
3196556238
1059450458
1889988787
744254540
1088779163
261853071
627946706
3717385539
1498756984
2648760229
1177122343
2063599810
420699798
657485111
1850560355
1337370959
184286819
2348738220
1110005234
704753090
2779985932
1405724020
3634803090
4277648411
3891499700
2617677635
4098987925
1839727741
3812531171
3259393696
481310159
2934703370
3836433687
2562789510
3832898603
492454413
417520950
1765517642
1578290601
2456734879
2339239273
576018668
996171092
3240270357
629534967
618540048
1701961600
3990092307
165024524
2137378276
506463112
3402706660
1029766749
663383992
1069930561
2457119991
1477944851
345574638
2308748444
2814707906
550437776
1443403087
879080259
1584254572
2865214534
144055366
1814212160
1690478047
3608976423
2780193036
2924298256
4114632903
1177154111
1125154035
3795669654
3560055574
412758536
18821794
1828241990
1228941010
2204748901
1754677508
2421521465
481353352
3311553376
1748878299
2731123973
2023626793
755504278
3780550625
3744302692
2403483217
3105261581
2463407934
597046258
321134252
16735884
3034291672
3303738404
4111101375
3549901043
2588559150
378727901
1849518287
336609654
307377557
1096190293
78207359
782249436
1016522598
785310417
205646047
1005745437
2233332650
3364326107
801145292
4108869787
3590178205
4055541794
36777540
3210921128
2666767640
1672427230
567569655
1041022276
1226082644
1517144811
620513459
643328800
3769000673
193821447
887358916
273421604
3658587531
4222643521
1181696637
56633742
959087445
1587762678
84176053
1397840516
1068228688
3330876926
100918470
1312191058
3640559146
2377892997
26363373
2553967093
2731364956
2461732263
270475746
3542097105
1281142967
3863678337
1571105713
226613726
1306690395
3267369575
3695924906
2753422723
2117009610
3458636452
4124469574
3115438780
2782135476
981866810
2583584236
4185186183
4123053357
1421227206
560444342
3958415768
2440074607
2818169035
3830254390
3814560064
387991137
171907216
2257060437
3459611455
2931270003
1340042485
1586077801
52132386
1246760924
335909917
2059004239
332986610
3364726387
2550081012
2695598169
3836809837
2136198077
78581570
1258372964
3565602119
3304194446
2172845508
2948199619
3046957842
3782374400
3081564866
1619869704
619371075
3309501625
1318226137
1844986109
4197320471
2850662792
910859046
400815898
2945082178
3290595064
1154456335
2281973507
3257525722
3780616330
3979912610
375312154
669952738
1278646445
1586817049
1288905281
3135476497
460596077
3511420979
2330987732
4177303014
1091507537
3917184954
4207274617
3496487417
2545852595
1796419032
763220351
3372395027
2131238278
3913514640
2674693991
802026397
1660460346
191343007
4096533961
1337833218
3820087905
1934890550
2337186589
2985652080
2795109731
1336711316
2832094039
225275778
2146326372
377457365
3962360973
422936513
3812834646
3120464933
1602930457
3355107835
438002259
88818029
889565629
2354663630
4194704900
3516006376
3109524795
2728229081
2875267840
2577726963
3612442692
2527496440
1670548575
2511170318
2201527113
3765540569
3902964557
2915870804
3534487289
2714947347
2050462031
1188554824
2655445019
3959559868
3084468503
1701998173
3593552846
1727068686
1790781468
2532604962
1108850647
481925342
1966223625
340995017
2612689988
757391161
1347047545
1349913869
3087727124
1416203945
4101430878
2889162257
1784603758
1246996525
1838215302
789432151
1935667657
3044604279
1642699063
3746481739
459719862
3199460960
609842581
2185988031
21086390
2010331279
2836935197
1655194579
3557966658
556826430
1782666553
3392591239
4162326517
4027024242
2774442644
1927162860
3095057893
312990934
1205654821
563030293
4092617142
3981782582
387753629
770287925
1973287793
3444252335
2813371504
2575678353
1458202517
2407082517
2162073720
3899008837
1304918585
1362994828
3457790104
3558594060
3004470803
4130412792
2946053069
570622367
1023560756
3197204515
2631624239
2357590058
1816756264
1524446878
2622048943
3392202842
2318085009
2856279310
3775197290
2971023973
3186592370
2911718765
487479525
820947776
991878524
824154101
2136857435
880575390
2477829382
1214782955
3438187570
33125042
1804882598
3829103938
1549137869
2765142803
2956652895
80584913
836358379
1116986525
1618792024
751508178
3775777653
2598233463
2994145992
3682928663
3601334754
2283347690
2386546770
3798973934
2160911003
97488689
2710615343
3981872895
2873533839
1099316300
3094660681
2152476370
2859381689
1237092906
2318403347
1106924305
3233439289
1337657745
1861793573
798602356
1968147000
45129290
3133521177
2121909573
2746640165
2188041948
3012313919
2724729340
1057895977
3787318572
1969998669
3113193390
1985877076
900629266
2889531307
911807406
1582668886
709578429
2714261197
3549904902
3015939524
2260568081
1762454986
4278513631
2634737812
2799988307
2581674840
948203410
2461325653
2417056005
3409866097
1109638065
709394519
4266326862
2572694397
1406285849
3837166152
1477066180
2468500656
588733101
1702290868
3409956530
266011922
2256458525
3000382933
1923041318
307623410
2092940293
3232731765
695574374
565377402
39168080
2286358804
1143495203
2544668275
834512766
2443234063
2075964483
2253869746
68198907
175575649
114415529
1510617149
1082460772
2646335776
3683883941
4103844094
3925798299
2574409914
2719441967
558934631
4168525425
2833221857
3433007553
1557674929
1129812747
3499920513
4257424623
2208442034
2749954334
3682528711
3624212158
1326314883
2098580378
1633624542
3017601157
3043900391
2233338926
3137961819
2131452490
876758151
2665417119
1858140966
2900890311
660554655
501316051
3709221166
3191336897
2490459036
1395401270
269537900
723404159
1128828344
813928573
267520095
2834375141
2855093021
3080513862
3045157101
3216824686
2101999764
2776769252
2666926568
2694456623
1648343711
4012153146
3347664845
1298108609
1720402355
3476565624
3878758429
114886470
2121002362
2182959613
1824287273
2205854350
1677330978
3715335753
350193745
2800719378
2625323389
701731936
3487583499
1513810371
3828268172
604245
2175882155
2691609625
2292445180
299651569
2557292931
1362339990
2621031998
2644761435
3491906372
3366521852
2505443703
1268339402
3657761290
2568188073
1103878036
2077276581
717172880
996158609
521590076
241672275
1738956632
2505783236
2675568501
2858754185
3044642538
1478960592
220005161
2392667643
560943723
439392729
510046622
1116160358
811496128
2329000138
2015210154
301083011
3266765985
1109195212
183299620
3332163756
3972965350
1718995858
1345956107
1672894299
48602986
2459904202
2559502908
1514932502
1676058405
1698587938
2944511765
2817652118
3599568916
2838990341
505430162
1314142794
3511733834
165899139
1356242035
1421929887
106717545
3048777766
4031761087
2725950537
3534897840
349361475
1713479370
1102582237
3393141373
1218471837
2334320966
1692523420
3483702332
2504386897
3310411330
862260347
3218743653
299724506
3085860774
1602759861
1980982116
1310112956
2606690631
1696169488
4127734595
3172621834
3544813163
508887212
3247886476
355508822
4009630916
598454588
682754738
3250902536
1771776915
1873609418
2624202720
2196556870
1546780378
2059116039
3106602004
3988866356
3134982878
3216862861
1115966424
4189700224
3949935733
3102909095
1887132032
4237843073
1062068334
4057871256
3604512531
174957439
3582904698
2168354587
1565398255
1517125305
209642997
1234336736
4269804135
2836403604
4172155993
3254174187
2549561167
3310927118
2913301368
2636208243
3541769218
2873409665
2542693961
3815236509
3822666579
3649268785
2744649711
2192100654
2853513657
3169526276
3359267893
2963988306
2787211038
1926454425
1576627456
3302372801
1436112107
1695479148
2921966699
435287403
